# Yaml Initialization file for simulation

# Numerical parameters
N   : 256
dx  : 0.125
dt  : 0.00125

# Thermodynamic parameters
eta     : 2.0
chi     : 1.0
epsilon0: 30.0
sigma0  : 0.15
sigma   : 0.07
omega   : 0.30
Wc      : 1.0
kbT     : 0.00002

# Mobilities
Mn: 1.0
Mc: 1.0

# Correlation function parameters
k0      : 2*3.1415926535897
alpha   : 0.8
beta    : 6.0
rho     : 0.8660254037844386
alphac  : 0.5
